
4885 | prince | -1407939960 | -1407939960 | -1407939960 | -1407939960 | -1407939960 | -1407939960 |  = 
468 |  | 
468 |  | 
468 |  | 
468 |  | 
468 |  | 
468 |  | 
468 |  | 
468 |  | 
468 |  | 
468 |  | 
468 |  | 
468 |  | 
468 |  | 
468 |  | 
468 |  | 
468 |  | 
468 |  | 
468 |  | 
468 |  | 
468 |  | 
468 |  | 
468 |  | 
468 |  | 
468 |  | 
468 |  | 
468 |  | 
468 |  | 
468 |  | 
468 |  | 
468 |  | 
468 |  | 
468 |  | 
468 |  | 
468 |  | 
468 |  | 
468 |  | 
468 |  | 
468 |  | 
468 |  | 
468 |  | 
468 |  | 
468 |  | 
468 |  | 
468 |  | 
468 |  | 
468 |  | 
468 |  | 
468 |  | 
468 |  | 
468 |  | 
468 |  | 
468 |  | 
468 |  | 
468 |  | 
468 |  | 
468 |  | 
468 |  | 
468 |  | 
468 |  | 
468 |  | 
468 |  | 
468 |  | 
468 |  | 
468 |  | 
468 |  | 
468 |  | 
468 |  | 
468 |  | 
468 |  | 
468 |  | 
468 |  | 
468 |  | 
468 |  | 
468 |  | 
6 | prince | 4 | 1 | 3 | 2 | 4 | 3 |  = 3 | 4 | 2 | 4 | 5 | 3 | 